**文件格式：开关名称 / 按键位置 / 图标名称 / 命令代码 

**空调格式：格力空调YB0FB 

**  0         1                     2          3方式  4开5风6睡 7温度   8          10强照  干 

++++/24,65,22/38000,358,179/ 100/       0 /00/00 /0101 /0000 /0000/ 0/0/0/0 /0000 /1010 /010/ ,24,795 /0000 /0000 /1000 /0100 /0000 /0000 /0000 /++ 




**名称/位置/图标/位置/初始值/变化++/空调开关/20/power/4/2|++/模式/21/mode/3/5/p1/auto/coldm/dryingm/windm/warmm|++/风量/22/velocity/5/4/t2/wind0/wind1/wind2/wind3|++/温度+/23/up/7/14/t1/16/17/18/19/20/21/22/23/24/25/26/27/28/29/30|++/温度-/28/down/7/14/t1/16/17/18/19/20/21/22/23/24/25/26/27/28/29/30|++/灯光/25/light/11/2/p3/nu/lightm|++/睡眠/26/sleep/6/2/p4/nu/sleepm 

电视开关/0/power/38000,358,179,21,21,22,21,23,20,21,21,22,21,23,20,21,67,23,20,21,21,22,21,23,20,21,21,22,21,23,20,21,67,23,20,21,21,22,67,21,21,22,67,21,21,22,21,23,20,21,21,22,67,21,21,22,67,21,21,22,67,21,67,23,64,22,67,21,1310,358,89,22 

静音/6/mute/38000,361,176,22,21,21,21,22,21,21,22,21,21,22,21,21,67,22,21,21,22,21,21,22,21,21,22,22,20,23,20,21,67,23,20,21,67,23,65,22,65,21,67,23,20,21,22,23,19,24,19,21,22,23,19,24,19,21,22,23,64,21,67,24,64,23,64,21,1310,359,88,21 

显示模式/5/screen/38000,359,178,22,21,25,18,21,21,22,21,25,18,21,21,22,67,21,21,22,21,25,18,21,21,22,21,25,18,21,21,22,67,21,21,22,67,21,21,22,21,25,63,22,67,21,21,22,21,25,18,21,21,22,67,21,67,25,18,21,21,22,67,21,67,25,63,22,1309,359,89,25 

信号源/1/tvav/38000,362,175,24,20,21,21,22,21,24,20,21,21,22,21,24,64,22,21,24,20,21,21,22,21,24,20,21,21,22,21,24,64,22,21,24,64,22,21,24,20,21,21,22,21,24,20,21,67,24,20,21,21,22,67,21,67,24,64,22,67,21,67,24,20,21,67,24,1307,362,86,21 